                                2000000000000000000000                                
                           40000000000000000000000000000000                           
                        00000000000000000000000000000000000000                        
                     00000000000000000000000000000000000000000000                     
                   00000000          000000000000000000000000000000                   
                 8000009                00000000000000000000000000000                 
                000000     000           000000000000000000000000000002               
               000008    0   00000001     000000000000000000000000000000              
              000000    000800     00     0000000000000000000000000000000             
             0000000        00    007     0000000000000000000000000000000             
             0000000         000000      000000000000000000000000000000000            
            800000000                   0000000000000000000000000000000000            
            00000000000              0000000000000000000000000000000000000            
            60000000000000008  6000000000000000000000000000000000000000000            
             0000000000000000000000000000000000000000000000000000000000000            
             000000000000000000000000000000000000000000000000000000000000             
              00000000000000000000000000000000000000000000000000000000008             
               000000000000000000000000000000000000000000000000000000000              
                000000000000000000000000000000000000000000000000000000                
                  000000000000000000000000000000000000000000000000000                 
                   600000000000000000000000000000000000000000000000                   
                      0000000000000000000000000000000000000000000                     
                         0000000000000000000000000000000000000                        
                            000000000000000000000000000000                            
                                  000000000000000000                                   
